v -1.929448 11.409631 -5.221873
v -1.929448 13.329624 -5.221914
v -4.277289 11.409631 -5.221873
v -4.277289 13.329624 -5.221914
v -4.277473 -4.850349 -5.221465
v -1.929531 -4.850349 -5.221465
v -1.929531 -4.850405 -7.417467
v -4.277473 -4.850405 -7.417467
v -1.929448 13.329602 -6.093915
v -1.929448 13.210022 -6.485435
v -4.277289 13.210022 -6.485435
v -4.277289 13.329602 -6.093915
v -1.929448 13.026344 -6.739680
v -1.929448 12.717406 -6.998693
v -4.277289 12.717406 -6.998693
v -4.277289 13.026344 -6.739680
v -4.277289 12.005879 -7.288524
v -4.277289 12.417291 -7.146863
v -1.929448 12.417291 -7.146863
v -1.929448 12.005879 -7.288524
v -4.277290 11.189583 -7.417872
v -4.277289 11.631635 -7.369706
v -1.929448 11.631635 -7.369706
v -1.929448 11.189583 -7.417872
v -0.848808 11.409631 -5.221873
v -0.848808 13.329624 -5.221914
v -1.440876 11.409631 -5.221873
v -1.440876 13.329624 -5.221914
v -1.440922 -4.850349 -5.221465
v -0.848829 -4.850349 -5.221465
v -0.848829 -4.850405 -7.417467
v -1.440922 -4.850405 -7.417467
v -1.440876 11.189583 -7.417872
v -1.440876 11.631635 -7.369706
v -0.848808 11.631635 -7.369706
v -0.848808 11.189583 -7.417872
v -1.440876 12.005879 -7.288524
v -1.440876 12.417291 -7.146863
v -0.848808 12.417291 -7.146863
v -0.848808 12.005879 -7.288524
v -0.848808 13.026344 -6.739680
v -0.848808 12.717406 -6.998693
v -1.440876 12.717406 -6.998693
v -1.440876 13.026344 -6.739680
v -0.848808 13.329602 -6.093915
v -0.848808 13.210022 -6.485435
v -1.440876 13.210022 -6.485435
v -1.440876 13.329602 -6.093915
v 1.929448 11.409631 -5.221873
v 1.929448 13.329624 -5.221914
v 4.277289 11.409631 -5.221873
v 4.277289 13.329624 -5.221914
v 4.277473 -4.850349 -5.221465
v 1.929531 -4.850349 -5.221465
v 1.929531 -4.850405 -7.417467
v 4.277473 -4.850405 -7.417467
v 1.929448 13.329602 -6.093915
v 1.929448 13.210022 -6.485435
v 4.277289 13.210022 -6.485435
v 4.277289 13.329602 -6.093915
v 1.929448 13.026344 -6.739680
v 1.929448 12.717406 -6.998693
v 4.277289 12.717406 -6.998693
v 4.277289 13.026344 -6.739680
v 4.277289 12.005879 -7.288524
v 4.277289 12.417291 -7.146863
v 1.929448 12.417291 -7.146863
v 1.929448 12.005879 -7.288524
v 4.277290 11.189583 -7.417872
v 4.277289 11.631635 -7.369706
v 1.929448 11.631635 -7.369706
v 1.929448 11.189583 -7.417872
v 0.848808 11.409631 -5.221873
v 0.848808 13.329624 -5.221914
v 1.440876 11.409631 -5.221873
v 1.440876 13.329624 -5.221914
v 1.440922 -4.850349 -5.221465
v 0.848829 -4.850349 -5.221465
v 0.848829 -4.850405 -7.417467
v 1.440922 -4.850405 -7.417467
v 1.440876 11.189583 -7.417872
v 1.440876 11.631635 -7.369706
v 0.848808 11.631635 -7.369706
v 0.848808 11.189583 -7.417872
v 1.440876 12.005879 -7.288524
v 1.440876 12.417291 -7.146863
v 0.848808 12.417291 -7.146863
v 0.848808 12.005879 -7.288524
v 0.848808 13.026344 -6.739680
v 0.848808 12.717406 -6.998693
v 1.440876 12.717406 -6.998693
v 1.440876 13.026344 -6.739680
v 0.848808 13.329602 -6.093915
v 0.848808 13.210022 -6.485435
v 1.440876 13.210022 -6.485435
v 1.440876 13.329602 -6.093915
v -0.253479 11.409631 -5.221873
v -0.253479 13.210022 -6.485435
v -0.253479 13.329602 -6.093915
v -0.253479 13.329624 -5.221914
v -0.253479 12.005879 -7.288524
v -0.253479 11.189583 -7.417872
v -0.253479 11.631635 -7.369706
v 0.338589 11.409631 -5.221873
v 0.338589 12.717406 -6.998693
v 0.338589 12.417291 -7.146863
v 0.338589 12.005879 -7.288524
v 0.338589 13.329602 -6.093915
v 0.338589 13.210022 -6.485435
v 0.338589 13.329624 -5.221914
v -0.253479 12.417291 -7.146863
v -0.253479 12.717406 -6.998693
v -0.253479 13.026344 -6.739680
v 0.338589 13.026344 -6.739680
v 0.338589 11.631635 -7.369706
v 0.338589 11.189583 -7.417872
v -0.253458 -4.850349 -5.221465
v 0.338635 -4.850349 -5.221465
v 0.338635 -4.850405 -7.417467
v -0.253458 -4.850405 -7.417467
v -12.298565 18.188248 4.471519
v -5.023821 18.187555 4.474075
v -5.023800 18.523563 4.474101
v -12.298553 18.524256 4.471544
v -12.298553 18.524256 -4.471786
v -5.023800 18.523563 -4.474343
v -5.023821 18.187555 -4.474318
v -12.298565 18.188248 -4.471761
v -5.023821 17.487555 -4.474318
v -12.298565 17.488247 -4.471761
v -12.298565 17.488247 4.471519
v -5.023821 17.487555 4.474075
v -12.298553 17.824255 -4.471786
v -5.023800 17.823563 -4.474343
v -5.023800 17.823563 4.474101
v -12.298553 17.824255 4.471544
v -5.023821 16.787556 -4.474318
v -12.298565 16.788248 -4.471761
v -12.298565 16.788248 4.471519
v -5.023821 16.787556 4.474075
v -12.298553 17.124256 -4.471786
v -5.023800 17.123564 -4.474343
v -5.023800 17.123564 4.474101
v -12.298553 17.124256 4.471544
v -5.023821 16.087555 -4.474318
v -12.298565 16.088247 -4.471761
v -12.298565 16.088247 4.471519
v -5.023821 16.087555 4.474075
v -12.298553 16.424255 -4.471786
v -5.023800 16.423563 -4.474343
v -5.023800 16.423563 4.474101
v -12.298553 16.424255 4.471544
v -5.023821 15.387555 -4.474318
v -12.298565 15.388247 -4.471761
v -12.298565 15.388247 4.471519
v -5.023821 15.387555 4.474075
v -12.298553 15.724256 -4.471786
v -5.023800 15.723563 -4.474343
v -5.023800 15.723563 4.474101
v -12.298553 15.724256 4.471544
v -5.023821 14.687555 -4.474318
v -12.298565 14.688248 -4.471761
v -12.298565 14.688248 4.471519
v -5.023821 14.687555 4.474075
v -12.298553 15.024256 -4.471786
v -5.023800 15.023563 -4.474343
v -5.023800 15.023563 4.474101
v -12.298553 15.024256 4.471544
v -5.023821 13.987556 -4.474318
v -12.298565 13.988248 -4.471761
v -12.298565 13.988248 4.471519
v -5.023821 13.987556 4.474075
v -12.298553 14.324256 -4.471786
v -5.023800 14.323564 -4.474343
v -5.023800 14.323564 4.474101
v -12.298553 14.324256 4.471544
v -5.023821 13.287556 -4.474318
v -12.298565 13.288248 -4.471761
v -12.298565 13.288248 4.471519
v -5.023821 13.287556 4.474075
v -12.298553 13.624256 -4.471786
v -5.023800 13.623564 -4.474343
v -5.023800 13.623564 4.474101
v -12.298553 13.624256 4.471544
v -5.023821 12.587556 -4.474318
v -12.298565 12.588248 -4.471761
v -12.298565 12.588248 4.471519
v -5.023821 12.587556 4.474075
v -12.298553 12.924256 -4.471786
v -5.023800 12.923564 -4.474343
v -5.023800 12.923564 4.474101
v -12.298553 12.924256 4.471544
v -5.023821 11.887556 -4.474318
v -12.298565 11.888248 -4.471761
v -12.298565 11.888248 4.471519
v -5.023821 11.887556 4.474075
v -12.298553 12.224257 -4.471786
v -5.023800 12.223564 -4.474343
v -5.023800 12.223564 4.474101
v -12.298553 12.224257 4.471544
v -5.023821 11.187556 -4.474318
v -12.298565 11.188249 -4.471761
v -12.298565 11.188249 4.471519
v -5.023821 11.187556 4.474075
v -12.298553 11.524257 -4.471786
v -5.023800 11.523564 -4.474343
v -5.023800 11.523564 4.474101
v -12.298553 11.524257 4.471544
v -5.023821 10.487556 -4.474318
v -12.298565 10.488249 -4.471761
v -12.298565 10.488249 4.471519
v -5.023821 10.487556 4.474075
v -12.298553 10.824257 -4.471786
v -5.023800 10.823565 -4.474343
v -5.023800 10.823565 4.474101
v -12.298553 10.824257 4.471544
v -5.023821 9.787557 -4.474318
v -12.298565 9.788249 -4.471761
v -12.298565 9.788249 4.471519
v -5.023821 9.787557 4.474075
v -12.298553 10.124257 -4.471786
v -5.023800 10.123565 -4.474343
v -5.023800 10.123565 4.474101
v -12.298553 10.124257 4.471544
v -5.023821 9.087557 -4.474318
v -12.298565 9.088249 -4.471761
v -12.298565 9.088249 4.471519
v -5.023821 9.087557 4.474075
v -12.298553 9.424257 -4.471786
v -5.023800 9.423565 -4.474343
v -5.023800 9.423565 4.474101
v -12.298553 9.424257 4.471544
v -5.023821 8.387557 -4.474318
v -12.298565 8.388249 -4.471761
v -12.298565 8.388249 4.471519
v -5.023821 8.387557 4.474075
v -12.298553 8.724257 -4.471786
v -5.023800 8.723565 -4.474343
v -5.023800 8.723565 4.474101
v -12.298553 8.724257 4.471544
v -5.023821 7.687557 -4.474318
v -12.298565 7.688250 -4.471761
v -12.298565 7.688250 4.471519
v -5.023821 7.687557 4.474075
v -12.298553 8.024258 -4.471786
v -5.023800 8.023565 -4.474343
v -5.023800 8.023565 4.474101
v -12.298553 8.024258 4.471544
v -5.023821 6.987557 -4.474318
v -12.298565 6.988250 -4.471761
v -12.298565 6.988250 4.471519
v -5.023821 6.987557 4.474075
v -12.298553 7.324258 -4.471786
v -5.023800 7.323565 -4.474343
v -5.023800 7.323565 4.474101
v -12.298553 7.324258 4.471544
v -5.023821 6.287558 -4.474318
v -12.298565 6.288250 -4.471761
v -12.298565 6.288250 4.471519
v -5.023821 6.287558 4.474075
v -12.298553 6.624258 -4.471786
v -5.023800 6.623566 -4.474343
v -5.023800 6.623566 4.474101
v -12.298553 6.624258 4.471544
v -5.023821 5.587558 -4.474318
v -12.298565 5.588250 -4.471761
v -12.298565 5.588250 4.471519
v -5.023821 5.587558 4.474075
v -12.298553 5.924258 -4.471786
v -5.023800 5.923566 -4.474343
v -5.023800 5.923566 4.474101
v -12.298553 5.924258 4.471544
v -5.023821 4.887558 -4.474318
v -12.298565 4.888250 -4.471761
v -12.298565 4.888250 4.471519
v -5.023821 4.887558 4.474075
v -12.298553 5.224258 -4.471786
v -5.023800 5.223566 -4.474343
v -5.023800 5.223566 4.474101
v -12.298553 5.224258 4.471544
v -5.023821 4.187558 -4.474318
v -12.298565 4.188251 -4.471761
v -12.298565 4.188251 4.471519
v -5.023821 4.187558 4.474075
v -12.298553 4.524259 -4.471786
v -5.023800 4.523566 -4.474343
v -5.023800 4.523566 4.474101
v -12.298553 4.524259 4.471544
v -6.207549 2.029077 8.466157
v -14.299211 2.030245 8.468996
v -6.207583 1.699077 8.466142
v -14.299248 1.700244 8.468981
v -14.281473 1.701127 -8.469204
v -6.189832 1.699958 -8.449382
v -14.281436 2.031127 -8.469185
v -6.189798 2.029958 -8.449363
v -14.299211 1.330245 8.468996
v -14.281436 1.331127 -8.469185
v -6.189798 1.329958 -8.449363
v -6.207549 1.329077 8.466157
v -6.189832 0.999958 -8.449382
v -14.281473 1.001127 -8.469204
v -14.299248 1.000244 8.468981
v -6.207583 0.999077 8.466142
v -14.299211 0.630245 8.468996
v -14.281436 0.631127 -8.469185
v -6.189798 0.629959 -8.449363
v -6.207549 0.629077 8.466157
v -6.189832 0.299958 -8.449382
v -14.281473 0.301127 -8.469204
v -14.299248 0.300244 8.468981
v -6.207583 0.299077 8.466142
v -14.299211 -0.069755 8.468996
v -14.281436 -0.068873 -8.469185
v -6.189798 -0.070041 -8.449363
v -6.207549 -0.070923 8.466157
v -6.189832 -0.400042 -8.449382
v -14.281473 -0.398873 -8.469204
v -14.299248 -0.399756 8.468981
v -6.207583 -0.400923 8.466142
v -14.299211 -0.769755 8.468996
v -14.281436 -0.768873 -8.469185
v -6.189798 -0.770041 -8.449363
v -6.207549 -0.770923 8.466157
v -6.189832 -1.100042 -8.449382
v -14.281473 -1.098873 -8.469204
v -14.299248 -1.099756 8.468981
v -6.207583 -1.100923 8.466142
v -14.299211 -1.469755 8.468996
v -14.281436 -1.468873 -8.469185
v -6.189798 -1.470042 -8.449363
v -6.207549 -1.470923 8.466157
v -6.189832 -1.800042 -8.449382
v -14.281473 -1.798873 -8.469204
v -14.299248 -1.799756 8.468981
v -6.207583 -1.800923 8.466142
v -14.299211 -2.169755 8.468996
v -14.281436 -2.168873 -8.469185
v -6.189798 -2.170041 -8.449363
v -6.207549 -2.170923 8.466157
v -6.189832 -2.500041 -8.449382
v -14.281473 -2.498873 -8.469204
v -14.299248 -2.499755 8.468981
v -6.207583 -2.500923 8.466142
v -14.299211 -2.869755 8.468996
v -14.281436 -2.868873 -8.469185
v -6.189798 -2.870041 -8.449363
v -6.207549 -2.870922 8.466157
v -6.189832 -3.200041 -8.449382
v -14.281473 -3.198873 -8.469204
v -14.299248 -3.199755 8.468981
v -6.207583 -3.200922 8.466142
v -14.299211 -3.569755 8.468996
v -14.281436 -3.568872 -8.469185
v -6.189798 -3.570041 -8.449363
v -6.207549 -3.570922 8.466157
v -6.189832 -3.900041 -8.449382
v -14.281473 -3.898873 -8.469204
v -14.299248 -3.899755 8.468981
v -6.207583 -3.900922 8.466142
v -14.299211 -4.269754 8.468996
v -14.281436 -4.268872 -8.469185
v -6.189798 -4.270041 -8.449363
v -6.207549 -4.270922 8.466157
v -6.189832 -4.600041 -8.449382
v -14.281473 -4.598873 -8.469204
v -14.299248 -4.599755 8.468981
v -6.207583 -4.600922 8.466142
v -1.929448 11.409631 5.221873
v -1.929448 13.329624 5.221914
v -4.277289 11.409631 5.221873
v -4.277289 13.329624 5.221914
v -4.277473 -4.850349 5.221465
v -1.929531 -4.850349 5.221465
v -1.929531 -4.850405 7.417467
v -4.277473 -4.850405 7.417467
v -1.929448 13.329602 6.093915
v -1.929448 13.210022 6.485435
v -4.277289 13.210022 6.485435
v -4.277289 13.329602 6.093915
v -1.929448 13.026344 6.739680
v -1.929448 12.717406 6.998693
v -4.277289 12.717406 6.998693
v -4.277289 13.026344 6.739680
v -4.277289 12.005879 7.288524
v -4.277289 12.417291 7.146863
v -1.929448 12.417291 7.146863
v -1.929448 12.005879 7.288524
v -4.277290 11.189583 7.417872
v -4.277289 11.631635 7.369706
v -1.929448 11.631635 7.369706
v -1.929448 11.189583 7.417872
v -0.848808 11.409631 5.221873
v -0.848808 13.329624 5.221914
v -1.440876 11.409631 5.221873
v -1.440876 13.329624 5.221914
v -1.440922 -4.850349 5.221465
v -0.848829 -4.850349 5.221465
v -0.848829 -4.850405 7.417467
v -1.440922 -4.850405 7.417467
v -1.440876 11.189583 7.417872
v -1.440876 11.631635 7.369706
v -0.848808 11.631635 7.369706
v -0.848808 11.189583 7.417872
v -1.440876 12.005879 7.288524
v -1.440876 12.417291 7.146863
v -0.848808 12.417291 7.146863
v -0.848808 12.005879 7.288524
v -0.848808 13.026344 6.739680
v -0.848808 12.717406 6.998693
v -1.440876 12.717406 6.998693
v -1.440876 13.026344 6.739680
v -0.848808 13.329602 6.093915
v -0.848808 13.210022 6.485435
v -1.440876 13.210022 6.485435
v -1.440876 13.329602 6.093915
v -4.514187 20.540119 3.196868
v -4.514259 23.171684 3.196868
v -4.514214 20.540119 -3.196993
v -4.514286 23.171684 -3.196993
v -4.513493 19.211430 -3.197490
v -4.513465 19.211430 3.196641
v -8.398577 19.211353 3.197265
v -8.398603 19.211353 -3.196866
v -6.062880 23.104210 3.197164
v -6.717418 22.972588 3.197222
v -6.717444 22.972588 -3.196639
v -6.062906 23.104210 -3.196698
v -7.231684 22.720074 3.197304
v -7.642925 22.355734 3.197370
v -7.642951 22.355734 -3.196490
v -7.231710 22.720074 -3.196556
v -8.164144 21.379967 -3.196407
v -7.934624 21.898073 -3.196444
v -7.934597 21.898073 3.197417
v -8.164117 21.379967 3.197454
v -8.399322 20.440054 -3.196371
v -8.320443 20.821781 -3.196382
v -8.320416 20.821781 3.197478
v -8.399295 20.440054 3.197490
v -3.219632 27.236851 1.260426
v -3.219683 29.114082 1.260426
v -3.219650 27.236851 -1.260475
v -3.219702 29.114082 -1.260475
v -3.219140 22.233076 -1.260671
v -3.219121 22.233076 1.260336
v -5.969860 22.233023 1.260582
v -5.969878 22.233023 -1.260425
v -5.970387 27.156364 -1.260230
v -5.945592 27.508568 -1.260234
v -5.945573 27.508568 1.260666
v -5.970367 27.156364 1.260671
v -5.873688 27.830692 -1.260244
v -5.706799 28.210159 -1.260258
v -5.706780 28.210159 1.260643
v -5.873668 27.830692 1.260657
v -5.208348 28.806761 1.260597
v -5.506107 28.527414 1.260623
v -5.506125 28.527414 -1.260277
v -5.208368 28.806761 -1.260303
v -4.348838 29.114061 1.260542
v -4.851583 29.007942 1.260566
v -4.851602 29.007942 -1.260335
v -4.348856 29.114061 -1.260359
v -3.251619 27.468658 0.312022
v -5.210103 29.670448 0.312056
v -4.580391 29.802374 0.312050
v -3.251683 29.802399 0.312022
v -6.490307 28.206913 0.312079
v -6.666262 27.368601 0.312082
v -6.625247 27.724991 0.312081
v -6.281297 28.678659 -0.311980
v -6.490332 28.206913 -0.311977
v -3.251642 27.468658 -0.312034
v -6.029944 29.073065 -0.311985
v -4.580414 29.802374 -0.312005
v -5.210125 29.670448 -0.311999
v -3.251708 29.802399 -0.312034
v -6.281272 28.678659 0.312075
v -6.029921 29.073065 0.312070
v -5.656966 29.420341 0.312064
v -5.656991 29.420341 -0.311991
v -6.625271 27.724991 -0.311974
v -6.666286 27.368601 -0.311973
v -3.250979 22.250786 0.311999
v -3.251003 22.250786 -0.312082
v -6.665649 22.250717 -0.312021
v -6.665626 22.250717 0.312060
v -9.945754 -7.276928 12.517077
v -18.622355 -7.276928 12.517077
v -9.945754 -7.613694 12.517077
v -18.622355 -7.613694 12.517077
v -18.622355 -7.613694 -12.443972
v -9.945754 -7.613694 -12.443972
v -18.622355 -7.276928 -12.443972
v -9.945754 -7.276928 -12.443972
v -18.622355 -6.576928 12.517077
v -18.622355 -6.576928 -12.443972
v -9.945754 -6.576928 -12.443972
v -9.945754 -6.576928 12.517077
v -9.945754 -6.913694 12.517077
v -9.945754 -6.913694 -12.443972
v -18.622355 -6.913694 -12.443972
v -18.622355 -6.913694 12.517077
v -18.622355 -5.876928 12.517077
v -18.622355 -5.876928 -12.443972
v -9.945754 -5.876928 -12.443972
v -9.945754 -5.876928 12.517077
v -9.945754 -6.213694 12.517077
v -9.945754 -6.213694 -12.443972
v -18.622355 -6.213694 -12.443972
v -18.622355 -6.213694 12.517077
v 12.298565 18.188248 4.471519
v 5.023821 18.187555 4.474075
v 5.023800 18.523563 4.474101
v 12.298553 18.524256 4.471544
v 12.298553 18.524256 -4.471786
v 5.023800 18.523563 -4.474343
v 5.023821 18.187555 -4.474318
v 12.298565 18.188248 -4.471761
v 5.023821 17.487555 -4.474318
v 12.298565 17.488247 -4.471761
v 12.298565 17.488247 4.471519
v 5.023821 17.487555 4.474075
v 12.298553 17.824255 -4.471786
v 5.023800 17.823563 -4.474343
v 5.023800 17.823563 4.474101
v 12.298553 17.824255 4.471544
v 5.023821 16.787556 -4.474318
v 12.298565 16.788248 -4.471761
v 12.298565 16.788248 4.471519
v 5.023821 16.787556 4.474075
v 12.298553 17.124256 -4.471786
v 5.023800 17.123564 -4.474343
v 5.023800 17.123564 4.474101
v 12.298553 17.124256 4.471544
v 5.023821 16.087555 -4.474318
v 12.298565 16.088247 -4.471761
v 12.298565 16.088247 4.471519
v 5.023821 16.087555 4.474075
v 12.298553 16.424255 -4.471786
v 5.023800 16.423563 -4.474343
v 5.023800 16.423563 4.474101
v 12.298553 16.424255 4.471544
v 5.023821 15.387555 -4.474318
v 12.298565 15.388247 -4.471761
v 12.298565 15.388247 4.471519
v 5.023821 15.387555 4.474075
v 12.298553 15.724256 -4.471786
v 5.023800 15.723563 -4.474343
v 5.023800 15.723563 4.474101
v 12.298553 15.724256 4.471544
v 5.023821 14.687555 -4.474318
v 12.298565 14.688248 -4.471761
v 12.298565 14.688248 4.471519
v 5.023821 14.687555 4.474075
v 12.298553 15.024256 -4.471786
v 5.023800 15.023563 -4.474343
v 5.023800 15.023563 4.474101
v 12.298553 15.024256 4.471544
v 5.023821 13.987556 -4.474318
v 12.298565 13.988248 -4.471761
v 12.298565 13.988248 4.471519
v 5.023821 13.987556 4.474075
v 12.298553 14.324256 -4.471786
v 5.023800 14.323564 -4.474343
v 5.023800 14.323564 4.474101
v 12.298553 14.324256 4.471544
v 5.023821 13.287556 -4.474318
v 12.298565 13.288248 -4.471761
v 12.298565 13.288248 4.471519
v 5.023821 13.287556 4.474075
v 12.298553 13.624256 -4.471786
v 5.023800 13.623564 -4.474343
v 5.023800 13.623564 4.474101
v 12.298553 13.624256 4.471544
v 5.023821 12.587556 -4.474318
v 12.298565 12.588248 -4.471761
v 12.298565 12.588248 4.471519
v 5.023821 12.587556 4.474075
v 12.298553 12.924256 -4.471786
v 5.023800 12.923564 -4.474343
v 5.023800 12.923564 4.474101
v 12.298553 12.924256 4.471544
v 5.023821 11.887556 -4.474318
v 12.298565 11.888248 -4.471761
v 12.298565 11.888248 4.471519
v 5.023821 11.887556 4.474075
v 12.298553 12.224257 -4.471786
v 5.023800 12.223564 -4.474343
v 5.023800 12.223564 4.474101
v 12.298553 12.224257 4.471544
v 5.023821 11.187556 -4.474318
v 12.298565 11.188249 -4.471761
v 12.298565 11.188249 4.471519
v 5.023821 11.187556 4.474075
v 12.298553 11.524257 -4.471786
v 5.023800 11.523564 -4.474343
v 5.023800 11.523564 4.474101
v 12.298553 11.524257 4.471544
v 5.023821 10.487556 -4.474318
v 12.298565 10.488249 -4.471761
v 12.298565 10.488249 4.471519
v 5.023821 10.487556 4.474075
v 12.298553 10.824257 -4.471786
v 5.023800 10.823565 -4.474343
v 5.023800 10.823565 4.474101
v 12.298553 10.824257 4.471544
v 5.023821 9.787557 -4.474318
v 12.298565 9.788249 -4.471761
v 12.298565 9.788249 4.471519
v 5.023821 9.787557 4.474075
v 12.298553 10.124257 -4.471786
v 5.023800 10.123565 -4.474343
v 5.023800 10.123565 4.474101
v 12.298553 10.124257 4.471544
v 5.023821 9.087557 -4.474318
v 12.298565 9.088249 -4.471761
v 12.298565 9.088249 4.471519
v 5.023821 9.087557 4.474075
v 12.298553 9.424257 -4.471786
v 5.023800 9.423565 -4.474343
v 5.023800 9.423565 4.474101
v 12.298553 9.424257 4.471544
v 5.023821 8.387557 -4.474318
v 12.298565 8.388249 -4.471761
v 12.298565 8.388249 4.471519
v 5.023821 8.387557 4.474075
v 12.298553 8.724257 -4.471786
v 5.023800 8.723565 -4.474343
v 5.023800 8.723565 4.474101
v 12.298553 8.724257 4.471544
v 5.023821 7.687557 -4.474318
v 12.298565 7.688250 -4.471761
v 12.298565 7.688250 4.471519
v 5.023821 7.687557 4.474075
v 12.298553 8.024258 -4.471786
v 5.023800 8.023565 -4.474343
v 5.023800 8.023565 4.474101
v 12.298553 8.024258 4.471544
v 5.023821 6.987557 -4.474318
v 12.298565 6.988250 -4.471761
v 12.298565 6.988250 4.471519
v 5.023821 6.987557 4.474075
v 12.298553 7.324258 -4.471786
v 5.023800 7.323565 -4.474343
v 5.023800 7.323565 4.474101
v 12.298553 7.324258 4.471544
v 5.023821 6.287558 -4.474318
v 12.298565 6.288250 -4.471761
v 12.298565 6.288250 4.471519
v 5.023821 6.287558 4.474075
v 12.298553 6.624258 -4.471786
v 5.023800 6.623566 -4.474343
v 5.023800 6.623566 4.474101
v 12.298553 6.624258 4.471544
v 5.023821 5.587558 -4.474318
v 12.298565 5.588250 -4.471761
v 12.298565 5.588250 4.471519
v 5.023821 5.587558 4.474075
v 12.298553 5.924258 -4.471786
v 5.023800 5.923566 -4.474343
v 5.023800 5.923566 4.474101
v 12.298553 5.924258 4.471544
v 5.023821 4.887558 -4.474318
v 12.298565 4.888250 -4.471761
v 12.298565 4.888250 4.471519
v 5.023821 4.887558 4.474075
v 12.298553 5.224258 -4.471786
v 5.023800 5.223566 -4.474343
v 5.023800 5.223566 4.474101
v 12.298553 5.224258 4.471544
v 5.023821 4.187558 -4.474318
v 12.298565 4.188251 -4.471761
v 12.298565 4.188251 4.471519
v 5.023821 4.187558 4.474075
v 12.298553 4.524259 -4.471786
v 5.023800 4.523566 -4.474343
v 5.023800 4.523566 4.474101
v 12.298553 4.524259 4.471544
v 6.207549 2.029077 8.466157
v 14.299211 2.030245 8.468996
v 6.207583 1.699077 8.466142
v 14.299248 1.700244 8.468981
v 14.281473 1.701127 -8.469204
v 6.189832 1.699958 -8.449382
v 14.281436 2.031127 -8.469185
v 6.189798 2.029958 -8.449363
v 14.299211 1.330245 8.468996
v 14.281436 1.331127 -8.469185
v 6.189798 1.329958 -8.449363
v 6.207549 1.329077 8.466157
v 6.189832 0.999958 -8.449382
v 14.281473 1.001127 -8.469204
v 14.299248 1.000244 8.468981
v 6.207583 0.999077 8.466142
v 14.299211 0.630245 8.468996
v 14.281436 0.631127 -8.469185
v 6.189798 0.629959 -8.449363
v 6.207549 0.629077 8.466157
v 6.189832 0.299958 -8.449382
v 14.281473 0.301127 -8.469204
v 14.299248 0.300244 8.468981
v 6.207583 0.299077 8.466142
v 14.299211 -0.069755 8.468996
v 14.281436 -0.068873 -8.469185
v 6.189798 -0.070041 -8.449363
v 6.207549 -0.070923 8.466157
v 6.189832 -0.400042 -8.449382
v 14.281473 -0.398873 -8.469204
v 14.299248 -0.399756 8.468981
v 6.207583 -0.400923 8.466142
v 14.299211 -0.769755 8.468996
v 14.281436 -0.768873 -8.469185
v 6.189798 -0.770041 -8.449363
v 6.207549 -0.770923 8.466157
v 6.189832 -1.100042 -8.449382
v 14.281473 -1.098873 -8.469204
v 14.299248 -1.099756 8.468981
v 6.207583 -1.100923 8.466142
v 14.299211 -1.469755 8.468996
v 14.281436 -1.468873 -8.469185
v 6.189798 -1.470042 -8.449363
v 6.207549 -1.470923 8.466157
v 6.189832 -1.800042 -8.449382
v 14.281473 -1.798873 -8.469204
v 14.299248 -1.799756 8.468981
v 6.207583 -1.800923 8.466142
v 14.299211 -2.169755 8.468996
v 14.281436 -2.168873 -8.469185
v 6.189798 -2.170041 -8.449363
v 6.207549 -2.170923 8.466157
v 6.189832 -2.500041 -8.449382
v 14.281473 -2.498873 -8.469204
v 14.299248 -2.499755 8.468981
v 6.207583 -2.500923 8.466142
v 14.299211 -2.869755 8.468996
v 14.281436 -2.868873 -8.469185
v 6.189798 -2.870041 -8.449363
v 6.207549 -2.870922 8.466157
v 6.189832 -3.200041 -8.449382
v 14.281473 -3.198873 -8.469204
v 14.299248 -3.199755 8.468981
v 6.207583 -3.200922 8.466142
v 14.299211 -3.569755 8.468996
v 14.281436 -3.568872 -8.469185
v 6.189798 -3.570041 -8.449363
v 6.207549 -3.570922 8.466157
v 6.189832 -3.900041 -8.449382
v 14.281473 -3.898873 -8.469204
v 14.299248 -3.899755 8.468981
v 6.207583 -3.900922 8.466142
v 14.299211 -4.269754 8.468996
v 14.281436 -4.268872 -8.469185
v 6.189798 -4.270041 -8.449363
v 6.207549 -4.270922 8.466157
v 6.189832 -4.600041 -8.449382
v 14.281473 -4.598873 -8.469204
v 14.299248 -4.599755 8.468981
v 6.207583 -4.600922 8.466142
v 1.929448 11.409631 5.221873
v 1.929448 13.329624 5.221914
v 4.277289 11.409631 5.221873
v 4.277289 13.329624 5.221914
v 4.277473 -4.850349 5.221465
v 1.929531 -4.850349 5.221465
v 1.929531 -4.850405 7.417467
v 4.277473 -4.850405 7.417467
v 1.929448 13.329602 6.093915
v 1.929448 13.210022 6.485435
v 4.277289 13.210022 6.485435
v 4.277289 13.329602 6.093915
v 1.929448 13.026344 6.739680
v 1.929448 12.717406 6.998693
v 4.277289 12.717406 6.998693
v 4.277289 13.026344 6.739680
v 4.277289 12.005879 7.288524
v 4.277289 12.417291 7.146863
v 1.929448 12.417291 7.146863
v 1.929448 12.005879 7.288524
v 4.277290 11.189583 7.417872
v 4.277289 11.631635 7.369706
v 1.929448 11.631635 7.369706
v 1.929448 11.189583 7.417872
v 0.848808 11.409631 5.221873
v 0.848808 13.329624 5.221914
v 1.440876 11.409631 5.221873
v 1.440876 13.329624 5.221914
v 1.440922 -4.850349 5.221465
v 0.848829 -4.850349 5.221465
v 0.848829 -4.850405 7.417467
v 1.440922 -4.850405 7.417467
v 1.440876 11.189583 7.417872
v 1.440876 11.631635 7.369706
v 0.848808 11.631635 7.369706
v 0.848808 11.189583 7.417872
v 1.440876 12.005879 7.288524
v 1.440876 12.417291 7.146863
v 0.848808 12.417291 7.146863
v 0.848808 12.005879 7.288524
v 0.848808 13.026344 6.739680
v 0.848808 12.717406 6.998693
v 1.440876 12.717406 6.998693
v 1.440876 13.026344 6.739680
v 0.848808 13.329602 6.093915
v 0.848808 13.210022 6.485435
v 1.440876 13.210022 6.485435
v 1.440876 13.329602 6.093915
v 4.514187 20.540119 3.196868
v 4.514259 23.171684 3.196868
v 4.514214 20.540119 -3.196993
v 4.514286 23.171684 -3.196993
v 4.513493 19.211430 -3.197490
v 4.513465 19.211430 3.196641
v 8.398577 19.211353 3.197265
v 8.398603 19.211353 -3.196866
v 6.062880 23.104210 3.197164
v 6.717418 22.972588 3.197222
v 6.717444 22.972588 -3.196639
v 6.062906 23.104210 -3.196698
v 7.231684 22.720074 3.197304
v 7.642925 22.355734 3.197370
v 7.642951 22.355734 -3.196490
v 7.231710 22.720074 -3.196556
v 8.164144 21.379967 -3.196407
v 7.934624 21.898073 -3.196444
v 7.934597 21.898073 3.197417
v 8.164117 21.379967 3.197454
v 8.399322 20.440054 -3.196371
v 8.320443 20.821781 -3.196382
v 8.320416 20.821781 3.197478
v 8.399295 20.440054 3.197490
v 3.219632 27.236851 1.260426
v 3.219683 29.114082 1.260426
v 3.219650 27.236851 -1.260475
v 3.219702 29.114082 -1.260475
v 3.219140 22.233076 -1.260671
v 3.219121 22.233076 1.260336
v 5.969860 22.233023 1.260582
v 5.969878 22.233023 -1.260425
v 5.970387 27.156364 -1.260230
v 5.945592 27.508568 -1.260234
v 5.945573 27.508568 1.260666
v 5.970367 27.156364 1.260671
v 5.873688 27.830692 -1.260244
v 5.706799 28.210159 -1.260258
v 5.706780 28.210159 1.260643
v 5.873668 27.830692 1.260657
v 5.208348 28.806761 1.260597
v 5.506107 28.527414 1.260623
v 5.506125 28.527414 -1.260277
v 5.208368 28.806761 -1.260303
v 4.348838 29.114061 1.260542
v 4.851583 29.007942 1.260566
v 4.851602 29.007942 -1.260335
v 4.348856 29.114061 -1.260359
v 3.251619 27.468658 0.312022
v 5.210103 29.670448 0.312056
v 4.580391 29.802374 0.312050
v 3.251683 29.802399 0.312022
v 6.490307 28.206913 0.312079
v 6.666262 27.368601 0.312082
v 6.625247 27.724991 0.312081
v 6.281297 28.678659 -0.311980
v 6.490332 28.206913 -0.311977
v 3.251642 27.468658 -0.312034
v 6.029944 29.073065 -0.311985
v 4.580414 29.802374 -0.312005
v 5.210125 29.670448 -0.311999
v 3.251708 29.802399 -0.312034
v 6.281272 28.678659 0.312075
v 6.029921 29.073065 0.312070
v 5.656966 29.420341 0.312064
v 5.656991 29.420341 -0.311991
v 6.625271 27.724991 -0.311974
v 6.666286 27.368601 -0.311973
v 3.250979 22.250786 0.311999
v 3.251003 22.250786 -0.312082
v 6.665649 22.250717 -0.312021
v 6.665626 22.250717 0.312060
v 9.945754 -7.276928 12.517077
v 18.622355 -7.276928 12.517077
v 9.945754 -7.613694 12.517077
v 18.622355 -7.613694 12.517077
v 18.622355 -7.613694 -12.443972
v 9.945754 -7.613694 -12.443972
v 18.622355 -7.276928 -12.443972
v 9.945754 -7.276928 -12.443972
v 18.622355 -6.576928 12.517077
v 18.622355 -6.576928 -12.443972
v 9.945754 -6.576928 -12.443972
v 9.945754 -6.576928 12.517077
v 9.945754 -6.913694 12.517077
v 9.945754 -6.913694 -12.443972
v 18.622355 -6.913694 -12.443972
v 18.622355 -6.913694 12.517077
v 18.622355 -5.876928 12.517077
v 18.622355 -5.876928 -12.443972
v 9.945754 -5.876928 -12.443972
v 9.945754 -5.876928 12.517077
v 9.945754 -6.213694 12.517077
v 9.945754 -6.213694 -12.443972
v 18.622355 -6.213694 -12.443972
v 18.622355 -6.213694 12.517077
v -0.253479 11.409631 5.221873
v -0.253479 13.210022 6.485435
v -0.253479 13.329602 6.093915
v -0.253479 13.329624 5.221914
v -0.253479 12.005879 7.288524
v -0.253479 11.189583 7.417872
v -0.253479 11.631635 7.369706
v 0.338589 11.409631 5.221873
v 0.338589 12.717406 6.998693
v 0.338589 12.417291 7.146863
v 0.338589 12.005879 7.288524
v 0.338589 13.329602 6.093915
v 0.338589 13.210022 6.485435
v 0.338589 13.329624 5.221914
v -0.253479 12.417291 7.146863
v -0.253479 12.717406 6.998693
v -0.253479 13.026344 6.739680
v 0.338589 13.026344 6.739680
v 0.338589 11.631635 7.369706
v 0.338589 11.189583 7.417872
v -0.253458 -4.850349 5.221465
v 0.338635 -4.850349 5.221465
v 0.338635 -4.850405 7.417467
v -0.253458 -4.850405 7.417467
v 0.765456 32.643082 2.860610
v 0.754584 32.643127 2.512399
v 0.189251 32.643101 2.512610
v 1.202443 32.643154 2.512232
v 1.767980 32.643162 2.860021
v 2.533697 32.643314 1.947719
v 2.185803 32.643318 1.323071
v 2.185887 32.643345 0.828301
v 2.533993 32.643394 0.911852
v 2.185992 32.643372 0.203752
v 0.531977 31.250589 2.860685
v 0.754618 31.250652 2.512337
v 1.202486 31.250681 2.512170
v 1.768034 31.250694 2.859959
v 0.189275 31.250624 2.512548
v 2.533774 31.250845 1.947677
v 2.185880 31.250853 1.323037
v 2.185964 31.250875 0.828273
v 2.534130 31.250940 0.703119
v 0.189159 32.643108 2.266611
v 0.189183 31.250635 2.266549
v 0.754526 31.250664 2.266338
v 0.754492 32.643135 2.266400
v 1.767737 31.250719 2.265960
v 1.767683 32.643188 2.266021
v 1.202351 32.643162 2.266232
v 1.202394 31.250692 2.266171
v 2.186069 31.250904 0.203733
v 1.940070 31.250885 0.203691
v 1.939993 32.643360 0.203710
v 1.939887 32.643333 0.828259
v 1.939964 31.250858 0.828232
v 1.939697 32.643280 1.947578
v 1.939775 31.250809 1.947536
v 1.939880 31.250834 1.322996
v 1.939803 32.643307 1.323030
v 1.258078 31.250547 4.283865
v -0.000011 31.250431 4.290682
v 2.516161 31.250666 4.277049
v 3.774239 31.250782 4.270232
v 3.802009 31.251127 -0.000016
v 2.533513 31.250769 2.859509
v -0.000010 33.243462 2.861122
v 2.533436 32.643238 2.859571
v 2.533358 33.243698 2.859633
v 2.534176 33.243935 -0.000016
v 18.196039 -8.104003 12.004208
v 19.102991 -8.104003 13.818110
v 10.403474 -8.104003 12.004209
v 9.234802 -8.104003 13.818110
v 19.102991 -8.403997 13.818110
v 9.234802 -8.403997 13.818110
v 1.091009 -7.197470 9.670007
v 1.091009 -7.058534 9.670007
v 1.291010 -7.058534 9.670007
v 1.291010 -7.197470 9.670007
v 2.386764 -7.058534 9.670007
v 2.386764 -7.197470 9.670007
v 2.186764 -7.197470 9.670007
v 2.186764 -7.058534 9.670007
v 2.386436 -6.152001 9.673552
v 2.186436 -6.152001 9.673424
v 1.090747 -6.152001 9.672728
v 1.290747 -6.152001 9.672855
v 1.091009 -8.104003 9.670007
v 1.291010 -8.104003 9.670007
v 2.386764 -8.104003 9.670007
v 2.186764 -8.104003 9.670007
v 5.851299 -7.058534 9.670008
v 5.851299 -7.197470 9.670008
v 5.651299 -7.197470 9.670008
v 5.651299 -7.058534 9.670008
v 5.851334 -6.152001 9.670008
v 5.651334 -6.152001 9.670008
v 4.552229 -7.058534 9.670007
v 4.552298 -6.152001 9.670007
v 4.752298 -6.152001 9.670007
v 4.752229 -7.058534 9.670007
v 4.552229 -7.197470 9.670007
v 4.752229 -7.197470 9.670007
v 4.552229 -8.104003 9.670007
v 4.752229 -8.104003 9.670007
v 5.851299 -8.104003 9.670008
v 5.651299 -8.104003 9.670008
v 9.176024 -8.104003 9.670008
v 9.176024 -7.197470 9.670008
v 9.376024 -7.197470 9.670008
v 9.376024 -8.104003 9.670008
v 9.176024 -7.058534 9.670008
v 9.376024 -7.058534 9.670008
v 9.176024 -6.152001 9.670008
v 9.376024 -6.152001 9.670008
v 8.248516 -7.058534 9.670008
v 8.248516 -7.197470 9.670008
v 8.048515 -7.197470 9.670008
v 8.048515 -7.058534 9.670008
v 8.248516 -8.104003 9.670008
v 8.048515 -8.104003 9.670008
v 8.248516 -6.152001 9.670008
v 8.048515 -6.152001 9.670008
v 2.187440 -6.152001 9.687625
v 1.094321 -6.152001 9.699288
v 5.665602 -6.152001 9.721486
v 4.738026 -6.152001 9.721493
v 9.371998 -6.152001 9.698097
v 8.247462 -6.152001 9.684487
v 10.403528 -6.152001 10.000000
v 7.021012 -7.058534 9.670008
v 7.021012 -6.152001 9.670008
v -0.000018 -6.151999 10.000000
v 0.095061 -6.152001 9.672095
v 0.095258 -7.058534 9.670007
v 0.095258 -7.197470 9.670007
v 0.095258 -8.104003 9.670007
v 5.201764 -6.152001 10.000000
v 3.553266 -6.152001 9.670007
v 3.553162 -7.058534 9.670007
v 3.553162 -7.197470 9.670007
v 3.553162 -8.104003 9.670007
v 10.403528 -7.197470 9.670008
v 10.403528 -8.104003 9.670008
v 10.403528 -7.058534 9.670008
v 10.403528 -6.152001 9.670008
v 7.021012 -7.197470 9.670008
v 7.021012 -8.104003 9.670008
v 3.382516 -7.197470 9.670007
v 3.382516 -8.104003 9.670007
v 3.382516 -7.058534 9.670007
v 3.382122 -6.152001 9.674184
v 6.850366 -6.152001 9.670008
v 6.850366 -8.104003 9.670008
v 6.850366 -7.197470 9.670008
v 6.850366 -7.058534 9.670008
v 10.000000 -5.498000 10.000000
v 10.403528 -5.498000 10.000000
v 0.752044 33.243690 0.849079
v 0.751239 39.351673 0.849718
v 0.166973 26.914186 3.876842
v 0.166858 29.730366 3.877210
v 0.165595 29.730394 3.547210
v 0.165710 26.914215 3.546843
v 0.645297 26.914215 3.875012
v 0.644034 26.914246 3.545013
v 0.645207 29.730394 3.875379
v 0.643944 29.730425 3.545380
v 1.024264 26.914244 3.873560
v 1.024156 29.730419 3.873928
v 1.023717 29.730450 3.543927
v 1.023826 26.914272 3.543560
v 1.589643 26.914251 3.872810
v 1.589204 26.914282 3.542809
v 1.589489 29.730433 3.873177
v 1.589050 29.730459 3.543176
v 2.508373 26.914301 3.541729
v 2.508142 29.730480 3.542096
v 1.976333 29.730442 3.872722
v 1.975947 29.730471 3.542721
v 1.976521 26.914265 3.872355
v 1.976134 26.914291 3.542354
v 3.597954 13.701866 4.525031
v 3.597857 25.234051 4.525031
v 3.032129 25.234051 4.855033
v 3.032129 25.234051 4.525031
v 3.032217 13.701867 4.855032
v 3.032217 13.701867 4.525030
v 2.136707 13.701868 4.855030
v 2.136632 25.234053 4.855033
v 2.136632 25.234053 4.525031
v 2.136707 13.701868 4.525028
v 2.648885 13.701867 4.855031
v 2.648885 13.701867 4.525029
v 2.648803 25.234053 4.855033
v 2.648803 25.234053 4.525031
v 1.736881 25.234055 4.855033
v 1.736951 13.701870 4.855028
v 1.736951 13.701870 4.525026
v 1.736881 25.234055 4.525031
v 1.193341 25.234055 4.855033
v 1.193341 25.234055 4.525031
v 1.193402 13.701871 4.855027
v 1.193402 13.701871 4.525025
v 0.191705 13.701872 4.855025
v 0.191657 25.234056 4.855033
v 0.191658 25.234056 4.525031
v 0.191706 13.701872 4.525023
v 0.788812 13.701871 4.855026
v 0.788812 13.701871 4.525024
v 0.788756 25.234056 4.855033
v 0.788756 25.234056 4.525031
v 0.408953 26.914167 4.283919
v 1.309773 26.914215 4.281178
v 1.979340 26.914228 4.280347
v 2.511583 26.914238 4.279722
v 2.511351 29.730415 4.280089
v 1.785730 29.730404 4.280941
v 0.503588 29.730352 4.283924
v -0.000011 29.730244 4.290315
v 3.597954 13.701866 5.263036
v 3.032217 13.701867 5.263035
v 3.597857 25.234051 5.263036
v 2.840466 25.234051 5.263036
v 1.936756 25.234055 5.263036
v 0.991048 25.234055 5.263036
v 0.191656 25.234056 5.263036
v 0.490257 13.701872 5.263029
v 1.465176 13.701870 5.263031
v 2.392796 13.701868 5.263033
v 1.048047 26.913975 5.263067
v 2.846016 26.913963 5.263067
v 5.023493 26.913956 5.263067
v 3.775165 26.914412 4.269497
v 5.023925 11.409659 5.262310
v 2.126254 11.409679 5.263029
v -0.000012 11.409691 5.263005
v 5.023716 20.290039 5.262581
v -0.000014 11.409609 6.199873
v 5.025786 26.914845 -0.000016
v 3.802935 26.914764 -0.000016
v 5.023716 20.290236 4.474209
v 5.024587 18.916040 4.474073
v 5.032931 18.916004 3.990554
v 5.033802 11.409804 3.990554
v 11.875196 18.916698 3.990714
v 11.875196 11.410542 3.990714
v 6.216733 11.409823 3.990556
v 6.206737 11.409609 6.199873
v 6.428989 -4.844000 6.206825
v 6.364560 -4.843979 7.956187
v -0.000018 -4.843999 10.000000
v -0.000013 -4.843999 6.199465
v 6.207005 3.915627 6.199465
v 6.207005 2.364248 6.199465
v 12.298462 20.290928 4.471652
v 6.216935 3.915853 3.990555
v 11.875196 3.916555 3.990714
v 18.196039 -5.498000 12.004208
v 18.597994 -5.498000 12.525995
v 18.597994 -3.980000 12.525995
v 13.771112 -3.980009 7.956188
v 14.298997 2.364256 8.469098
v 14.298997 3.916811 8.469098
v 6.207342 3.915644 8.466259
v 6.207342 2.364248 8.466259
v 9.999321 -4.843965 7.956179
v 10.000026 -3.979991 7.956179
v 10.000000 -3.980000 12.525995
v 10.000000 -4.844000 10.000000
v 10.403474 -5.498000 12.004209
v 10.000000 -5.498000 12.525995
v 13.771112 2.364247 7.956188
v 6.364560 2.364272 7.956187
v 6.428989 2.364248 6.206825
v 12.298564 18.916727 4.471517
v -12.298585 18.916727 4.471488
v -6.429015 2.364249 6.206810
v -6.364590 2.364274 7.956172
v -13.771141 2.364248 7.956157
v -10.000040 -5.497998 12.525972
v -10.403513 -5.497998 12.004185
v -10.000034 -4.843997 9.999977
v -10.000040 -3.979998 12.525972
v -10.000055 -3.979989 7.956156
v -9.999351 -4.843963 7.956156
v -6.207373 2.364249 8.466245
v -6.207373 3.915645 8.466245
v -14.299026 3.916812 8.469066
v -14.299026 2.364257 8.469066
v -13.771141 -3.980007 7.956157
v -18.598034 -3.979998 12.525953
v -18.598034 -5.497998 12.525953
v -18.196077 -5.497998 12.004167
v -11.875217 3.916556 3.990686
v -6.216956 3.915854 3.990541
v -12.298483 20.290928 4.471624
v -6.207031 2.364249 6.199450
v -6.207031 3.915628 6.199450
v -6.364590 -4.843977 7.956172
v -6.429015 -4.843998 6.206810
v -6.206763 11.409610 6.199859
v -6.216754 11.409824 3.990542
v -11.875217 11.410542 3.990686
v -11.875217 18.916698 3.990686
v -5.033823 11.409805 3.990542
v -5.032953 18.916004 3.990543
v -5.024609 18.916040 4.474062
v -5.023738 20.290236 4.474197
v -3.802948 26.914762 -0.000016
v -5.025799 26.914843 -0.000016
v -5.023740 20.290039 5.262569
v -2.126279 11.409680 5.263024
v -5.023949 11.409660 5.262299
v -3.775187 26.914410 4.269488
v -5.023518 26.913954 5.263055
v -2.846041 26.913961 5.263060
v -1.048072 26.913973 5.263064
v -2.392820 13.701868 5.263028
v -1.465200 13.701870 5.263027
v -0.490282 13.701872 5.263028
v -0.191681 25.234055 5.263036
v -0.991072 25.234053 5.263034
v -1.936781 25.234053 5.263032
v -2.840491 25.234049 5.263030
v -3.597882 25.234049 5.263028
v -3.032242 13.701867 5.263029
v -3.597978 13.701866 5.263028
v -0.503611 29.730350 4.283923
v -1.785753 29.730402 4.280937
v -2.511374 29.730413 4.280084
v -2.511606 26.914236 4.279716
v -1.979363 26.914227 4.280343
v -1.309795 26.914213 4.281175
v -0.408976 26.914165 4.283918
v -0.788779 25.234055 4.525029
v -0.788780 25.234055 4.855031
v -0.788835 13.701871 4.525022
v -0.788836 13.701871 4.855024
v -0.191729 13.701872 4.525023
v -0.191681 25.234055 4.525031
v -0.191681 25.234055 4.855033
v -0.191729 13.701872 4.855025
v -1.193425 13.701871 4.525022
v -1.193426 13.701871 4.855024
v -1.193365 25.234053 4.525028
v -1.193365 25.234053 4.855031
v -1.736905 25.234053 4.525027
v -1.736974 13.701870 4.525022
v -1.736974 13.701870 4.855024
v -1.736905 25.234053 4.855030
v -2.648826 25.234051 4.525025
v -2.648827 25.234051 4.855027
v -2.648908 13.701867 4.525023
v -2.648908 13.701867 4.855025
v -2.136730 13.701868 4.525023
v -2.136656 25.234051 4.525026
v -2.136656 25.234051 4.855029
v -2.136730 13.701868 4.855025
v -3.032240 13.701867 4.525023
v -3.032241 13.701867 4.855026
v -3.032152 25.234049 4.525024
v -3.032153 25.234049 4.855027
v -3.597880 25.234049 4.525023
v -3.597976 13.701866 4.525023
v -1.976155 26.914289 3.542350
v -1.976542 26.914263 3.872350
v -1.975968 29.730469 3.542717
v -1.976355 29.730440 3.872717
v -2.508163 29.730478 3.542091
v -2.508394 26.914299 3.541723
v -1.589071 29.730457 3.543172
v -1.589510 29.730431 3.873173
v -1.589225 26.914280 3.542805
v -1.589664 26.914249 3.872806
v -1.023847 26.914270 3.543558
v -1.023739 29.730448 3.543925
v -1.024178 29.730417 3.873925
v -1.024286 26.914242 3.873558
v -0.643966 29.730423 3.545379
v -0.645229 29.730392 3.875378
v -0.644055 26.914244 3.545011
v -0.645319 26.914213 3.875010
v -0.165731 26.914213 3.546843
v -0.165616 29.730392 3.547210
v -0.166880 29.730364 3.877209
v -0.166995 26.914185 3.876842
v -0.751254 39.351669 0.849716
v -0.752059 33.243690 0.849078
v -10.403563 -5.497998 9.999976
v -10.000034 -5.497998 9.999977
v -6.850400 -7.058531 9.669992
v -6.850400 -7.197467 9.669992
v -6.850400 -8.104000 9.669992
v -6.850400 -6.151998 9.669992
v -3.382156 -6.151998 9.674176
v -3.382550 -7.058531 9.669999
v -3.382550 -8.104000 9.669999
v -3.382550 -7.197467 9.669999
v -7.021046 -8.104000 9.669991
v -7.021046 -7.197467 9.669991
v -10.403562 -6.151998 9.669984
v -10.403562 -7.058531 9.669984
v -10.403562 -8.104000 9.669984
v -10.403562 -7.197467 9.669984
v -3.553196 -8.104000 9.669999
v -3.553196 -7.197467 9.669999
v -3.553196 -7.058531 9.669999
v -3.553300 -6.151998 9.669999
v -5.201799 -6.151998 9.999989
v -0.095293 -8.104000 9.670007
v -0.095293 -7.197467 9.670007
v -0.095293 -7.058531 9.670007
v -0.095096 -6.151998 9.672095
v -7.021046 -6.151998 9.669991
v -7.021046 -7.058531 9.669991
v -10.403563 -6.151998 9.999976
v -8.247496 -6.151998 9.684468
v -9.372031 -6.151998 9.698076
v -4.738060 -6.151998 9.721482
v -5.665636 -6.151998 9.721473
v -1.094356 -6.151998 9.699286
v -2.187475 -6.151998 9.687620
v -8.048549 -6.151998 9.669990
v -8.248549 -6.151998 9.669989
v -8.048549 -8.104000 9.669990
v -8.248549 -8.104000 9.669989
v -8.048549 -7.058531 9.669990
v -8.048549 -7.197467 9.669990
v -8.248549 -7.197467 9.669989
v -8.248549 -7.058531 9.669989
v -9.376058 -6.151998 9.669987
v -9.176058 -6.151998 9.669987
v -9.376058 -7.058531 9.669987
v -9.176058 -7.058531 9.669987
v -9.376058 -8.104000 9.669987
v -9.376058 -7.197467 9.669987
v -9.176058 -7.197467 9.669987
v -9.176058 -8.104000 9.669987
v -5.651334 -8.104000 9.669994
v -5.851334 -8.104000 9.669994
v -4.752263 -8.104000 9.669996
v -4.552263 -8.104000 9.669996
v -4.752263 -7.197467 9.669996
v -4.552263 -7.197467 9.669996
v -4.752263 -7.058531 9.669996
v -4.752332 -6.151998 9.669996
v -4.552332 -6.151998 9.669996
v -4.552263 -7.058531 9.669996
v -5.651368 -6.151998 9.669994
v -5.851368 -6.151998 9.669994
v -5.651334 -7.058531 9.669994
v -5.651334 -7.197467 9.669994
v -5.851334 -7.197467 9.669994
v -5.851334 -7.058531 9.669994
v -2.186799 -8.104000 9.670002
v -2.386799 -8.104000 9.670001
v -1.291044 -8.104000 9.670004
v -1.091044 -8.104000 9.670004
v -1.290782 -6.151998 9.672853
v -1.090782 -6.151998 9.672725
v -2.186471 -6.151998 9.673419
v -2.386471 -6.151998 9.673546
v -2.186799 -7.058531 9.670002
v -2.186799 -7.197467 9.670002
v -2.386799 -7.197467 9.670001
v -2.386799 -7.058531 9.670001
v -1.291044 -7.197467 9.670004
v -1.291044 -7.058531 9.670004
v -1.091044 -7.058531 9.670004
v -1.091044 -7.197467 9.670004
v -9.234845 -8.403995 13.818089
v -19.103035 -8.403995 13.818067
v -9.234845 -8.104000 13.818089
v -10.403513 -8.104000 12.004185
v -19.103035 -8.104000 13.818067
v -18.196077 -8.104000 12.004167
v -2.534189 33.243935 -0.000016
v -2.533377 33.243698 2.859627
v -2.533455 32.643234 2.859565
v -2.533532 31.250767 2.859503
v -3.802022 31.251125 -0.000016
v -3.774261 31.250780 4.270224
v -2.516183 31.250664 4.277043
v -1.258101 31.250546 4.283863
v -1.939819 32.643303 1.323025
v -1.939896 31.250832 1.322991
v -1.939792 31.250807 1.947532
v -1.939715 32.643280 1.947574
v -1.939979 31.250856 0.828227
v -1.939902 32.643333 0.828255
v -1.940006 32.643356 0.203706
v -1.940084 31.250883 0.203686
v -2.186083 31.250902 0.203728
v -1.202412 31.250690 2.266168
v -1.202369 32.643158 2.266230
v -1.767702 32.643188 2.266017
v -1.767755 31.250717 2.265955
v -0.754510 32.643135 2.266398
v -0.754544 31.250662 2.266336
v -0.189201 31.250633 2.266548
v -0.189178 32.643105 2.266610
v -2.534144 31.250938 0.703113
v -2.185979 31.250874 0.828268
v -2.185896 31.250851 1.323032
v -2.533791 31.250843 1.947672
v -0.189294 31.250622 2.512547
v -1.768053 31.250692 2.859955
v -1.202504 31.250679 2.512167
v -0.754637 31.250650 2.512335
v -0.531996 31.250587 2.860684
v -2.186006 32.643372 0.203747
v -2.534008 32.643394 0.911846
v -2.185901 32.643341 0.828296
v -2.185819 32.643318 1.323066
v -2.533714 32.643311 1.947713
v -1.767999 32.643158 2.860017
v -1.202461 32.643150 2.512229
v -0.189270 32.643097 2.512609
v -0.754603 32.643127 2.512397
v -0.765475 32.643082 2.860608
v -0.000013 3.915628 6.199458
v 3.467819 -8.104002 12.004201
v -3.467858 -8.104001 12.004192
v -0.000022 -8.104002 13.818100
v -0.000022 -8.403996 13.818100
v -0.000022 -8.403996 -13.818131
v -0.000022 -8.104002 -13.818131
v -3.467858 -8.104001 -12.004224
v 3.467819 -8.104002 -12.004232
v -0.000013 3.915628 -6.199489
v -0.765475 32.643082 -2.860640
v -0.754603 32.643127 -2.512429
v -0.189270 32.643097 -2.512641
v -1.202461 32.643150 -2.512260
v -1.767999 32.643158 -2.860048
v -2.533714 32.643311 -1.947745
v -2.185819 32.643318 -1.323098
v -2.185901 32.643341 -0.828327
v -2.534008 32.643394 -0.911877
v -2.186006 32.643372 -0.203778
v -0.531996 31.250587 -2.860715
v -0.754637 31.250650 -2.512367
v -1.202504 31.250679 -2.512198
v -1.768053 31.250692 -2.859986
v -0.189294 31.250622 -2.512579
v -2.533791 31.250843 -1.947703
v -2.185896 31.250851 -1.323064
v -2.185979 31.250874 -0.828300
v -2.534144 31.250938 -0.703144
v -0.189178 32.643105 -2.266641
v -0.189201 31.250633 -2.266579
v -0.754544 31.250662 -2.266367
v -0.754510 32.643135 -2.266429
v -1.767755 31.250717 -2.265987
v -1.767702 32.643188 -2.266049
v -1.202369 32.643158 -2.266261
v -1.202412 31.250690 -2.266199
v -2.186083 31.250902 -0.203759
v -1.940084 31.250883 -0.203718
v -1.940006 32.643356 -0.203737
v -1.939902 32.643333 -0.828286
v -1.939979 31.250856 -0.828258
v -1.939715 32.643280 -1.947605
v -1.939792 31.250807 -1.947563
v -1.939896 31.250832 -1.323023
v -1.939819 32.643303 -1.323056
v -1.258101 31.250546 -4.283894
v -2.516183 31.250664 -4.277074
v -3.774261 31.250780 -4.270255
v -2.533532 31.250767 -2.859535
v -2.533455 32.643234 -2.859596
v -2.533377 33.243698 -2.859658
v -18.196077 -8.104000 -12.004198
v -19.103035 -8.104000 -13.818098
v -10.403513 -8.104000 -12.004216
v -9.234845 -8.104000 -13.818121
v -19.103035 -8.403995 -13.818098
v -9.234845 -8.403995 -13.818121
v -1.091044 -7.197467 -9.670035
v -1.091044 -7.058531 -9.670035
v -1.291044 -7.058531 -9.670035
v -1.291044 -7.197467 -9.670035
v -2.386799 -7.058531 -9.670033
v -2.386799 -7.197467 -9.670033
v -2.186799 -7.197467 -9.670033
v -2.186799 -7.058531 -9.670033
v -2.386471 -6.151998 -9.673577
v -2.186471 -6.151998 -9.673450
v -1.090782 -6.151998 -9.672756
v -1.290782 -6.151998 -9.672884
v -1.091044 -8.104000 -9.670035
v -1.291044 -8.104000 -9.670035
v -2.386799 -8.104000 -9.670033
v -2.186799 -8.104000 -9.670033
v -5.851334 -7.058531 -9.670026
v -5.851334 -7.197467 -9.670026
v -5.651334 -7.197467 -9.670026
v -5.651334 -7.058531 -9.670026
v -5.851368 -6.151998 -9.670026
v -5.651368 -6.151998 -9.670026
v -4.552263 -7.058531 -9.670028
v -4.552332 -6.151998 -9.670028
v -4.752332 -6.151998 -9.670028
v -4.752263 -7.058531 -9.670028
v -4.552263 -7.197467 -9.670028
v -4.752263 -7.197467 -9.670028
v -4.552263 -8.104000 -9.670028
v -4.752263 -8.104000 -9.670028
v -5.851334 -8.104000 -9.670026
v -5.651334 -8.104000 -9.670026
v -9.176058 -8.104000 -9.670018
v -9.176058 -7.197467 -9.670018
v -9.376058 -7.197467 -9.670018
v -9.376058 -8.104000 -9.670018
v -9.176058 -7.058531 -9.670018
v -9.376058 -7.058531 -9.670018
v -9.176058 -6.151998 -9.670018
v -9.376058 -6.151998 -9.670018
v -8.248549 -7.058531 -9.670020
v -8.248549 -7.197467 -9.670020
v -8.048549 -7.197467 -9.670021
v -8.048549 -7.058531 -9.670021
v -8.248549 -8.104000 -9.670020
v -8.048549 -8.104000 -9.670021
v -8.248549 -6.151998 -9.670020
v -8.048549 -6.151998 -9.670021
v -2.187475 -6.151998 -9.687652
v -1.094356 -6.151998 -9.699317
v -5.665636 -6.151998 -9.721504
v -4.738060 -6.151998 -9.721514
v -9.372031 -6.151998 -9.698108
v -8.247496 -6.151998 -9.684500
v -10.403563 -6.151998 -10.000008
v -7.021046 -7.058531 -9.670023
v -7.021046 -6.151998 -9.670023
v -0.095096 -6.151998 -9.672127
v -0.095293 -7.058531 -9.670038
v -0.095293 -7.197467 -9.670038
v -0.095293 -8.104000 -9.670038
v -5.201799 -6.151998 -10.000020
v -3.553300 -6.151998 -9.670031
v -3.553196 -7.058531 -9.670031
v -3.553196 -7.197467 -9.670031
v -3.553196 -8.104000 -9.670031
v -10.403562 -7.197467 -9.670015
v -10.403562 -8.104000 -9.670015
v -10.403562 -7.058531 -9.670015
v -10.403562 -6.151998 -9.670015
v -7.021046 -7.197467 -9.670023
v -7.021046 -8.104000 -9.670023
v -3.382550 -7.197467 -9.670031
v -3.382550 -8.104000 -9.670031
v -3.382550 -7.058531 -9.670031
v -3.382156 -6.151998 -9.674208
v -6.850400 -6.151998 -9.670024
v -6.850400 -8.104000 -9.670024
v -6.850400 -7.197467 -9.670024
v -6.850400 -7.058531 -9.670024
v -10.000034 -5.497998 -10.000009
v -10.403563 -5.497998 -10.000008
v -0.752059 33.243690 -0.849109
v -0.751254 39.351669 -0.849748
v -0.166995 26.914185 -3.876873
v -0.166880 29.730364 -3.877240
v -0.165616 29.730392 -3.547241
v -0.165731 26.914213 -3.546874
v -0.645319 26.914213 -3.875042
v -0.644055 26.914244 -3.545043
v -0.645229 29.730392 -3.875409
v -0.643966 29.730423 -3.545410
v -1.024286 26.914242 -3.873589
v -1.024178 29.730417 -3.873956
v -1.023739 29.730448 -3.543956
v -1.023847 26.914270 -3.543589
v -1.589664 26.914249 -3.872837
v -1.589225 26.914280 -3.542836
v -1.589510 29.730431 -3.873204
v -1.589071 29.730457 -3.543204
v -2.508394 26.914299 -3.541755
v -2.508163 29.730478 -3.542122
v -1.976355 29.730440 -3.872748
v -1.975968 29.730469 -3.542748
v -1.976542 26.914263 -3.872381
v -1.976155 26.914289 -3.542381
v -3.597976 13.701866 -4.525054
v -3.597880 25.234049 -4.525054
v -3.032153 25.234049 -4.855058
v -3.032152 25.234049 -4.525056
v -3.032241 13.701867 -4.855057
v -3.032240 13.701867 -4.525055
v -2.136730 13.701868 -4.855057
v -2.136656 25.234051 -4.855060
v -2.136656 25.234051 -4.525058
v -2.136730 13.701868 -4.525055
v -2.648908 13.701867 -4.855056
v -2.648908 13.701867 -4.525054
v -2.648827 25.234051 -4.855059
v -2.648826 25.234051 -4.525056
v -1.736905 25.234053 -4.855061
v -1.736974 13.701870 -4.855056
v -1.736974 13.701870 -4.525054
v -1.736905 25.234053 -4.525059
v -1.193365 25.234053 -4.855062
v -1.193365 25.234053 -4.525060
v -1.193426 13.701871 -4.855056
v -1.193425 13.701871 -4.525054
v -0.191729 13.701872 -4.855056
v -0.191681 25.234055 -4.855064
v -0.191681 25.234055 -4.525062
v -0.191729 13.701872 -4.525054
v -0.788836 13.701871 -4.855056
v -0.788835 13.701871 -4.525054
v -0.788780 25.234055 -4.855063
v -0.788779 25.234055 -4.525061
v -0.408976 26.914165 -4.283950
v -1.309795 26.914213 -4.281206
v -1.979363 26.914227 -4.280374
v -2.511606 26.914236 -4.279748
v -2.511374 29.730413 -4.280115
v -1.785753 29.730402 -4.280969
v -0.503611 29.730350 -4.283955
v -3.597978 13.701866 -5.263060
v -3.032242 13.701867 -5.263060
v -3.597882 25.234049 -5.263060
v -2.840491 25.234049 -5.263061
v -1.936781 25.234053 -5.263063
v -0.991072 25.234053 -5.263065
v -0.191681 25.234055 -5.263067
v -0.490282 13.701872 -5.263059
v -1.465200 13.701870 -5.263059
v -2.392820 13.701868 -5.263060
v -1.048072 26.913973 -5.263096
v -2.846041 26.913961 -5.263092
v -5.023518 26.913954 -5.263087
v -3.775187 26.914410 -4.269520
v -5.023949 11.409660 -5.262330
v -2.126279 11.409680 -5.263056
v -5.023740 20.290039 -5.262601
v -5.023738 20.290236 -4.474229
v -5.024609 18.916040 -4.474093
v -5.032953 18.916004 -3.990574
v -5.033823 11.409805 -3.990573
v -11.875217 18.916698 -3.990718
v -11.875217 11.410542 -3.990718
v -6.216754 11.409824 -3.990573
v -6.206763 11.409610 -6.199890
v -6.429015 -4.843998 -6.206842
v -6.364590 -4.843977 -7.956204
v -6.207031 3.915628 -6.199482
v -6.207031 2.364249 -6.199482
v -12.298483 20.290928 -4.471655
v -6.216956 3.915854 -3.990572
v -11.875217 3.916556 -3.990718
v -18.196077 -5.497998 -12.004198
v -18.598034 -5.497998 -12.525985
v -18.598034 -3.979998 -12.525985
v -13.771141 -3.980007 -7.956188
v -14.299026 2.364257 -8.469097
v -14.299026 3.916812 -8.469097
v -6.207373 3.915645 -8.466276
v -6.207373 2.364249 -8.466276
v -9.999351 -4.843963 -7.956188
v -10.000055 -3.979989 -7.956188
v -10.000040 -3.979998 -12.526004
v -10.000034 -4.843997 -10.000009
v -10.403513 -5.497998 -12.004216
v -10.000040 -5.497998 -12.526004
v -13.771141 2.364248 -7.956188
v -6.364590 2.364274 -7.956204
v -6.429015 2.364249 -6.206842
v -12.298585 18.916727 -4.471520
v 12.298564 18.916727 -4.471548
v 6.428989 2.364248 -6.206857
v 6.364560 2.364272 -7.956218
v 13.771112 2.364247 -7.956220
v 10.000000 -5.498000 -12.526027
v 10.403474 -5.498000 -12.004240
v 10.000000 -4.844000 -10.000031
v 10.000000 -3.980000 -12.526027
v 10.000026 -3.979991 -7.956211
v 9.999321 -4.843965 -7.956211
v 6.207342 2.364248 -8.466290
v 6.207342 3.915644 -8.466290
v 14.298997 3.916811 -8.469130
v 14.298997 2.364256 -8.469130
v 13.771112 -3.980009 -7.956220
v 18.597994 -3.980000 -12.526027
v 18.597994 -5.498000 -12.526027
v 18.196039 -5.498000 -12.004239
v 11.875196 3.916555 -3.990745
v 6.216935 3.915853 -3.990587
v 12.298462 20.290928 -4.471684
v 6.207005 2.364248 -6.199496
v 6.207005 3.915627 -6.199496
v -0.000013 -4.843999 -6.199496
v -0.000018 -4.843999 -10.000031
v 6.364560 -4.843979 -7.956218
v 6.428989 -4.844000 -6.206857
v 6.206737 11.409609 -6.199904
v 6.216733 11.409823 -3.990587
v 11.875196 11.410542 -3.990745
v 11.875196 18.916698 -3.990745
v 5.033802 11.409804 -3.990585
v 5.032931 18.916004 -3.990585
v 5.024587 18.916040 -4.474105
v 5.023716 20.290236 -4.474240
v -0.000014 11.409609 -6.199904
v 5.023716 20.290039 -5.262612
v -0.000012 11.409691 -5.263036
v 2.126254 11.409679 -5.263061
v 5.023925 11.409659 -5.262341
v 3.775165 26.914412 -4.269528
v 5.023493 26.913956 -5.263098
v 2.846016 26.913963 -5.263098
v 1.048047 26.913975 -5.263098
v 2.392796 13.701868 -5.263065
v 1.465176 13.701870 -5.263062
v 0.490257 13.701872 -5.263060
v 0.191656 25.234056 -5.263068
v 0.991048 25.234055 -5.263068
v 1.936756 25.234055 -5.263068
v 2.840466 25.234051 -5.263068
v 3.597857 25.234051 -5.263068
v 3.032217 13.701867 -5.263067
v 3.597954 13.701866 -5.263068
v -0.000011 29.730244 -4.290346
v 0.503588 29.730352 -4.283956
v 1.785730 29.730404 -4.280973
v 2.511351 29.730415 -4.280121
v 2.511583 26.914238 -4.279754
v 1.979340 26.914228 -4.280378
v 1.309773 26.914215 -4.281209
v 0.408953 26.914167 -4.283951
v 0.788756 25.234056 -4.525063
v 0.788756 25.234056 -4.855065
v 0.788812 13.701871 -4.525055
v 0.788812 13.701871 -4.855058
v 0.191706 13.701872 -4.525054
v 0.191658 25.234056 -4.525063
v 0.191657 25.234056 -4.855065
v 0.191705 13.701872 -4.855057
v 1.193402 13.701871 -4.525056
v 1.193402 13.701871 -4.855059
v 1.193341 25.234055 -4.525063
v 1.193341 25.234055 -4.855065
v 1.736881 25.234055 -4.525063
v 1.736951 13.701870 -4.525057
v 1.736951 13.701870 -4.855060
v 1.736881 25.234055 -4.855065
v 2.648803 25.234053 -4.525063
v 2.648803 25.234053 -4.855065
v 2.648885 13.701867 -4.525060
v 2.648885 13.701867 -4.855062
v 2.136707 13.701868 -4.525060
v 2.136632 25.234053 -4.525063
v 2.136632 25.234053 -4.855065
v 2.136707 13.701868 -4.855062
v 3.032217 13.701867 -4.525062
v 3.032217 13.701867 -4.855064
v 3.032129 25.234051 -4.525063
v 3.032129 25.234051 -4.855065
v 3.597857 25.234051 -4.525063
v 3.597954 13.701866 -4.525063
v 1.976134 26.914291 -3.542385
v 1.976521 26.914265 -3.872386
v 1.975947 29.730471 -3.542752
v 1.976333 29.730442 -3.872753
v 2.508142 29.730480 -3.542128
v 2.508373 26.914301 -3.541760
v 1.589050 29.730459 -3.543207
v 1.589489 29.730433 -3.873208
v 1.589204 26.914282 -3.542840
v 1.589643 26.914251 -3.872841
v 1.023826 26.914272 -3.543591
v 1.023717 29.730450 -3.543958
v 1.024156 29.730419 -3.873959
v 1.024264 26.914244 -3.873592
v 0.643944 29.730425 -3.545411
v 0.645207 29.730394 -3.875410
v 0.644034 26.914246 -3.545044
v 0.645297 26.914215 -3.875043
v 0.165710 26.914215 -3.546875
v 0.165595 29.730394 -3.547242
v 0.166858 29.730366 -3.877241
v 0.166973 26.914186 -3.876874
v 0.751239 39.351673 -0.849749
v 0.752044 33.243690 -0.849111
v 10.403528 -5.498000 -10.000031
v 10.000000 -5.498000 -10.000031
v 6.850366 -7.058534 -9.670039
v 6.850366 -7.197470 -9.670039
v 6.850366 -8.104003 -9.670039
v 6.850366 -6.152001 -9.670039
v 3.382122 -6.152001 -9.674215
v 3.382516 -7.058534 -9.670038
v 3.382516 -8.104003 -9.670038
v 3.382516 -7.197470 -9.670038
v 7.021012 -8.104003 -9.670039
v 7.021012 -7.197470 -9.670039
v 10.403528 -6.152001 -9.670039
v 10.403528 -7.058534 -9.670039
v 10.403528 -8.104003 -9.670039
v 10.403528 -7.197470 -9.670039
v 3.553162 -8.104003 -9.670038
v 3.553162 -7.197470 -9.670038
v 3.553162 -7.058534 -9.670038
v 3.553266 -6.152001 -9.670038
v 5.201764 -6.152001 -10.000031
v 0.095258 -8.104003 -9.670038
v 0.095258 -7.197470 -9.670038
v 0.095258 -7.058534 -9.670038
v 0.095061 -6.152001 -9.672127
v -0.000018 -6.151999 -10.000031
v 7.021012 -6.152001 -9.670039
v 7.021012 -7.058534 -9.670039
v 10.403528 -6.152001 -10.000031
v 8.247462 -6.152001 -9.684519
v 9.371998 -6.152001 -9.698129
v 4.738026 -6.152001 -9.721524
v 5.665602 -6.152001 -9.721518
v 1.094321 -6.152001 -9.699320
v 2.187440 -6.152001 -9.687656
v 8.048515 -6.152001 -9.670039
v 8.248516 -6.152001 -9.670039
v 8.048515 -8.104003 -9.670039
v 8.248516 -8.104003 -9.670039
v 8.048515 -7.058534 -9.670039
v 8.048515 -7.197470 -9.670039
v 8.248516 -7.197470 -9.670039
v 8.248516 -7.058534 -9.670039
v 9.376024 -6.152001 -9.670039
v 9.176024 -6.152001 -9.670039
v 9.376024 -7.058534 -9.670039
v 9.176024 -7.058534 -9.670039
v 9.376024 -8.104003 -9.670039
v 9.376024 -7.197470 -9.670039
v 9.176024 -7.197470 -9.670039
v 9.176024 -8.104003 -9.670039
v 5.651299 -8.104003 -9.670039
v 5.851299 -8.104003 -9.670039
v 4.752229 -8.104003 -9.670038
v 4.552229 -8.104003 -9.670038
v 4.752229 -7.197470 -9.670038
v 4.552229 -7.197470 -9.670038
v 4.752229 -7.058534 -9.670038
v 4.752298 -6.152001 -9.670038
v 4.552298 -6.152001 -9.670038
v 4.552229 -7.058534 -9.670038
v 5.651334 -6.152001 -9.670039
v 5.851334 -6.152001 -9.670039
v 5.651299 -7.058534 -9.670039
v 5.651299 -7.197470 -9.670039
v 5.851299 -7.197470 -9.670039
v 5.851299 -7.058534 -9.670039
v 2.186764 -8.104003 -9.670038
v 2.386764 -8.104003 -9.670038
v 1.291010 -8.104003 -9.670038
v 1.091009 -8.104003 -9.670038
v 1.290747 -6.152001 -9.672887
v 1.090747 -6.152001 -9.672759
v 2.186436 -6.152001 -9.673455
v 2.386436 -6.152001 -9.673583
v 2.186764 -7.058534 -9.670038
v 2.186764 -7.197470 -9.670038
v 2.386764 -7.197470 -9.670038
v 2.386764 -7.058534 -9.670038
v 1.291010 -7.197470 -9.670038
v 1.291010 -7.058534 -9.670038
v 1.091009 -7.058534 -9.670038
v 1.091009 -7.197470 -9.670038
v 9.234802 -8.403997 -13.818142
v 19.102991 -8.403997 -13.818142
v 9.234802 -8.104003 -13.818142
v 10.403474 -8.104003 -12.004240
v 19.102991 -8.104003 -13.818142
v 18.196039 -8.104003 -12.004239
v 2.533358 33.243698 -2.859664
v 2.533436 32.643238 -2.859602
v -0.000010 33.243462 -2.861153
v 2.533513 31.250769 -2.859540
v 3.774239 31.250782 -4.270264
v 2.516161 31.250666 -4.277080
v -0.000011 31.250431 -4.290713
v 1.258078 31.250547 -4.283897
v 1.939803 32.643307 -1.323061
v 1.939880 31.250834 -1.323027
v 1.939775 31.250809 -1.947568
v 1.939697 32.643280 -1.947610
v 1.939964 31.250858 -0.828263
v 1.939887 32.643333 -0.828291
v 1.939993 32.643360 -0.203742
v 1.940070 31.250885 -0.203722
v 2.186069 31.250904 -0.203764
v 1.202394 31.250692 -2.266202
v 1.202351 32.643162 -2.266264
v 1.767683 32.643188 -2.266053
v 1.767737 31.250719 -2.265991
v 0.754492 32.643135 -2.266431
v 0.754526 31.250664 -2.266369
v 0.189183 31.250635 -2.266580
v 0.189159 32.643108 -2.266642
v 2.534130 31.250940 -0.703150
v 2.185964 31.250875 -0.828305
v 2.185880 31.250853 -1.323069
v 2.533774 31.250845 -1.947709
v 0.189275 31.250624 -2.512579
v 1.768034 31.250694 -2.859990
v 1.202486 31.250681 -2.512201
v 0.754618 31.250652 -2.512368
v 0.531977 31.250589 -2.860716
v 2.185992 32.643372 -0.203783
v 2.533993 32.643394 -0.911883
v 2.185887 32.643345 -0.828332
v 2.185803 32.643318 -1.323103
v 2.533697 32.643314 -1.947751
v 1.767980 32.643162 -2.860052
v 1.202443 32.643154 -2.512263
v 0.189251 32.643101 -2.512641
v 0.754584 32.643127 -2.512430
v 0.765456 32.643082 -2.860641
v 0.000000 32.866367 1.908040
v -0.730155 32.866367 1.762807
v -1.349156 32.866367 1.349219
v -1.762773 32.866367 0.730236
v -1.908040 32.866367 0.000088
v -1.762841 32.866367 -0.730073
v -1.349281 32.866367 -1.349094
v -0.730318 32.866367 -1.762740
v -0.000177 32.866367 -1.908040
v 0.729991 32.866367 -1.762875
v 1.349031 32.866367 -1.349344
v 1.762706 32.866367 -0.730400
v 1.908040 32.866367 -0.000265
v 1.762908 32.866367 0.729910
v 1.349406 32.866367 1.348969
v 0.730481 32.866367 1.762672
v 0.000000 33.907829 1.908040
v -0.730155 33.907829 1.762807
v -1.349156 33.907829 1.349219
v -1.762773 33.907829 0.730236
v -1.908040 33.907829 0.000088
v -1.762841 33.907829 -0.730073
v -1.349281 33.907829 -1.349094
v -0.730318 33.907829 -1.762740
v -0.000177 33.907829 -1.908040
v 0.729991 33.907829 -1.762875
v 1.349031 33.907829 -1.349344
v 1.762706 33.907829 -0.730400
v 1.908040 33.907829 -0.000265
v 1.762908 33.907829 0.729910
v 1.349406 33.907829 1.348969
v 0.730481 33.907829 1.762672
v 0.000000 34.366367 1.908040
v -0.730155 34.366367 1.762807
v -1.349156 34.366367 1.349219
v -1.762773 34.366367 0.730236
v -1.908040 34.366367 0.000088
v -1.762841 34.366367 -0.730073
v -1.349281 34.366367 -1.349094
v -0.730318 34.366367 -1.762740
v -0.000177 34.366367 -1.908040
v 0.729991 34.366367 -1.762875
v 1.349031 34.366367 -1.349344
v 1.762706 34.366367 -0.730400
v 1.908040 34.366367 -0.000265
v 1.762908 34.366367 0.729910
v 1.349406 34.366367 1.348969
v 0.730481 34.366367 1.762672
v 0.730481 35.407829 1.762672
v 1.349406 35.407829 1.348969
v 1.762908 35.407829 0.729910
v 1.908040 35.407829 -0.000265
v 1.762706 35.407829 -0.730400
v 1.349031 35.407829 -1.349344
v 0.729991 35.407829 -1.762875
v -0.000177 35.407829 -1.908040
v -0.730318 35.407829 -1.762740
v -1.349281 35.407829 -1.349094
v -1.762841 35.407829 -0.730073
v -1.908040 35.407829 0.000088
v -1.762773 35.407829 0.730236
v -1.349156 35.407829 1.349219
v -0.730155 35.407829 1.762807
v 0.000000 35.407829 1.908040
v 0.000000 35.866367 1.908040
v -0.730155 35.866367 1.762807
v -1.349156 35.866367 1.349219
v -1.762773 35.866367 0.730236
v -1.908040 35.866367 0.000088
v -1.762841 35.866367 -0.730073
v -1.349281 35.866367 -1.349094
v -0.730318 35.866367 -1.762740
v -0.000177 35.866367 -1.908040
v 0.729991 35.866367 -1.762875
v 1.349031 35.866367 -1.349344
v 1.762706 35.866367 -0.730400
v 1.908040 35.866367 -0.000265
v 1.762908 35.866367 0.729910
v 1.349406 35.866367 1.348969
v 0.730481 35.866367 1.762672
v 0.730481 36.907829 1.762672
v 1.349406 36.907829 1.348969
v 1.762908 36.907829 0.729910
v 1.908040 36.907829 -0.000265
v 1.762706 36.907829 -0.730400
v 1.349031 36.907829 -1.349344
v 0.729991 36.907829 -1.762875
v -0.000177 36.907829 -1.908040
v -0.730318 36.907829 -1.762740
v -1.349281 36.907829 -1.349094
v -1.762841 36.907829 -0.730073
v -1.908040 36.907829 0.000088
v -1.762773 36.907829 0.730236
v -1.349156 36.907829 1.349219
v -0.730155 36.907829 1.762807
v 0.000000 36.907829 1.908040